6.8213e+06
6.8213e+06
6.8213e+06
6.8213e+06
6.8213e+06
6.8213e+06
6.8213e+06
6.8213e+06
6.8214e+06
6.8213e+06
6.8213e+06
6.8213e+06
6.8213e+06
6.8213e+06
6.8213e+06
6.8213e+06
6.8213e+06
6.8213e+06
6.8213e+06
6.8213e+06
6.8213e+06
6.8213e+06
6.8213e+06
6.8213e+06
6.8213e+06
6.8212e+06
6.8213e+06
6.8213e+06
6.8213e+06
6.8213e+06
6.8213e+06
6.8213e+06
6.8213e+06
6.8213e+06
6.8213e+06
6.8213e+06
6.8213e+06
6.8213e+06
6.8213e+06
6.8213e+06
6.8213e+06
6.8213e+06
6.8213e+06
6.8213e+06
6.8213e+06
6.8213e+06
6.8213e+06
6.8213e+06
6.8213e+06
6.8213e+06
6.8213e+06
6.8213e+06
6.8213e+06
6.8213e+06
6.8213e+06
6.8213e+06
